Date and time: 2019-04-17 11:5713

Data file path: outcome_input.txt

Output file path: outcome

Prediction file path: outcome_predict.txt

Seed: 1555495033

Number of sweeps: 200
Burn in sweeps: 100
Output filter: 5
Proposal Type: gibbsForVActive, Acceptance Rate: 1
Proposal Type: gibbsForMuActive, Acceptance Rate: 1
Proposal Type: gibbsForTauActive, Acceptance Rate: 1
Proposal Type: metropolisHastingsForThetaActive, Acceptance Rate: 0.426966
Proposal Type: gibbsForU, Acceptance Rate: 1
Proposal Type: metropolisHastingsForAlpha, Acceptance Rate: 0.433333
Proposal Type: gibbsForVInActive, Acceptance Rate: 1
Proposal Type: gibbsForMuInActive, Acceptance Rate: 1
Proposal Type: gibbsForTauInActive, Acceptance Rate: 1
Proposal Type: metropolisHastingsForLabels123, Acceptance Rate: 0.0166667
Proposal Type: gibbsForThetaInActive, Acceptance Rate: 1
Proposal Type: gibbsForSigmaSqY, Acceptance Rate: 1
Proposal Type: gibbsForZ, Acceptance Rate: 1
Number of subjects: 77
Number of prediction subjects: 77
Prediction type: RaoBlackwell
Sampler type: SliceDependent
Number of initial clusters: 4
Covariates: 
	Variable1
	Variable2
	Variable3
	Variable4
	Variable5
	Variable6
	Variable7
	Variable8
	Variable9
	Variable10
	Variable11
	Variable12
	Variable13
	Variable14
	Variable15
	Variable16
	Variable17
	Variable18
	Variable19
	Variable20
	Variable21
	Variable22
	Variable23
	Variable24
	Variable25
	Variable26
	Variable27
	Variable28
	Variable29
	Variable30
	Variable31
	Variable32
	Variable33
	Variable34
	Variable35
	Variable36
	Variable37
	Variable38
	Variable39
	Variable40
	Variable41
	Variable42
	Variable43
	Variable44
	Variable45
	Variable46
	Variable47
	Variable48
	Variable49
	Variable50
No fixed effects
Model for Y: Normal
Extra Y variance: False
Include response: True
Update alpha: True
Compute allocation entropy: False
Model for X: Normal
Variable selection: None

Hyperparameters:
shapeAlpha: 2
rateAlpha: 1
mu0: 
-1.94737e-08
-4.60921e-09
   1.175e-08
 4.73684e-09
 9.05263e-09
 3.02632e-09
-8.28947e-09
 6.68421e-09
 6.39474e-09
-5.30263e-09
-2.48684e-08
 4.77632e-09
 1.84868e-08
-7.89474e-09
 9.28947e-09
-3.20132e-08
-3.59211e-08
-9.47368e-09
 1.69605e-08
-5.07895e-09
 3.82895e-09
 1.36316e-08
 1.31579e-10
-6.71053e-09
 7.44737e-09
 2.63158e-10
 2.41316e-08
-2.09605e-08
-2.30263e-08
-5.23158e-08
 9.05263e-09
 2.91211e-08
 6.57895e-10
-2.00395e-08
 2.98289e-08
 3.11842e-08
 2.33289e-08
 5.38158e-09
-3.38158e-08
 3.28947e-09
 2.97368e-08
-4.38158e-08
-2.07895e-08
   1.375e-08
 1.40789e-08
 2.76053e-08
 1.69737e-08
-4.60526e-09
-1.38158e-08
-8.38158e-09
Tau0:
0.0536679         0         0         0         0         0         0         0         0         0         0         0         0         0         0         0         0         0         0         0         0         0         0         0         0         0         0         0         0         0         0         0         0         0         0         0         0         0         0         0         0         0         0         0         0         0         0         0         0         0
        0 0.0868188         0         0         0         0         0         0         0         0         0         0         0         0         0         0         0         0         0         0         0         0         0         0         0         0         0         0         0         0         0         0         0         0         0         0         0         0         0         0         0         0         0         0         0         0         0         0         0         0
        0         0 0.0806077         0         0         0         0         0         0         0         0         0         0         0         0         0         0         0         0         0         0         0         0         0         0         0         0         0         0         0         0         0         0         0         0         0         0         0         0         0         0         0         0         0         0         0         0         0         0         0
        0         0         0 0.0497884         0         0         0         0         0         0         0         0         0         0         0         0         0         0         0         0         0         0         0         0         0         0         0         0         0         0         0         0         0         0         0         0         0         0         0         0         0         0         0         0         0         0         0         0         0         0
        0         0         0         0 0.0587552         0         0         0         0         0         0         0         0         0         0         0         0         0         0         0         0         0         0         0         0         0         0         0         0         0         0         0         0         0         0         0         0         0         0         0         0         0         0         0         0         0         0         0         0         0
        0         0         0         0         0 0.0469498         0         0         0         0         0         0         0         0         0         0         0         0         0         0         0         0         0         0         0         0         0         0         0         0         0         0         0         0         0         0         0         0         0         0         0         0         0         0         0         0         0         0         0         0
        0         0         0         0         0         0 0.0348481         0         0         0         0         0         0         0         0         0         0         0         0         0         0         0         0         0         0         0         0         0         0         0         0         0         0         0         0         0         0         0         0         0         0         0         0         0         0         0         0         0         0         0
        0         0         0         0         0         0         0 0.0205734         0         0         0         0         0         0         0         0         0         0         0         0         0         0         0         0         0         0         0         0         0         0         0         0         0         0         0         0         0         0         0         0         0         0         0         0         0         0         0         0         0         0
        0         0         0         0         0         0         0         0 0.0317602         0         0         0         0         0         0         0         0         0         0         0         0         0         0         0         0         0         0         0         0         0         0         0         0         0         0         0         0         0         0         0         0         0         0         0         0         0         0         0         0         0
        0         0         0         0         0         0         0         0         0 0.0514562         0         0         0         0         0         0         0         0         0         0         0         0         0         0         0         0         0         0         0         0         0         0         0         0         0         0         0         0         0         0         0         0         0         0         0         0         0         0         0         0
        0         0         0         0         0         0         0         0         0         0 0.0484816         0         0         0         0         0         0         0         0         0         0         0         0         0         0         0         0         0         0         0         0         0         0         0         0         0         0         0         0         0         0         0         0         0         0         0         0         0         0         0
        0         0         0         0         0         0         0         0         0         0         0 0.0457708         0         0         0         0         0         0         0         0         0         0         0         0         0         0         0         0         0         0         0         0         0         0         0         0         0         0         0         0         0         0         0         0         0         0         0         0         0         0
        0         0         0         0         0         0         0         0         0         0         0         0 0.0619605         0         0         0         0         0         0         0         0         0         0         0         0         0         0         0         0         0         0         0         0         0         0         0         0         0         0         0         0         0         0         0         0         0         0         0         0         0
        0         0         0         0         0         0         0         0         0         0         0         0         0  0.077972         0         0         0         0         0         0         0         0         0         0         0         0         0         0         0         0         0         0         0         0         0         0         0         0         0         0         0         0         0         0         0         0         0         0         0         0
        0         0         0         0         0         0         0         0         0         0         0         0         0         0 0.0438165         0         0         0         0         0         0         0         0         0         0         0         0         0         0         0         0         0         0         0         0         0         0         0         0         0         0         0         0         0         0         0         0         0         0         0
        0         0         0         0         0         0         0         0         0         0         0         0         0         0         0 0.0446264         0         0         0         0         0         0         0         0         0         0         0         0         0         0         0         0         0         0         0         0         0         0         0         0         0         0         0         0         0         0         0         0         0         0
        0         0         0         0         0         0         0         0         0         0         0         0         0         0         0         0 0.0439526         0         0         0         0         0         0         0         0         0         0         0         0         0         0         0         0         0         0         0         0         0         0         0         0         0         0         0         0         0         0         0         0         0
        0         0         0         0         0         0         0         0         0         0         0         0         0         0         0         0         0 0.0466737         0         0         0         0         0         0         0         0         0         0         0         0         0         0         0         0         0         0         0         0         0         0         0         0         0         0         0         0         0         0         0         0
        0         0         0         0         0         0         0         0         0         0         0         0         0         0         0         0         0         0 0.0336993         0         0         0         0         0         0         0         0         0         0         0         0         0         0         0         0         0         0         0         0         0         0         0         0         0         0         0         0         0         0         0
        0         0         0         0         0         0         0         0         0         0         0         0         0         0         0         0         0         0         0  0.029619         0         0         0         0         0         0         0         0         0         0         0         0         0         0         0         0         0         0         0         0         0         0         0         0         0         0         0         0         0         0
        0         0         0         0         0         0         0         0         0         0         0         0         0         0         0         0         0         0         0         0 0.0616912         0         0         0         0         0         0         0         0         0         0         0         0         0         0         0         0         0         0         0         0         0         0         0         0         0         0         0         0         0
        0         0         0         0         0         0         0         0         0         0         0         0         0         0         0         0         0         0         0         0         0 0.0408347         0         0         0         0         0         0         0         0         0         0         0         0         0         0         0         0         0         0         0         0         0         0         0         0         0         0         0         0
        0         0         0         0         0         0         0         0         0         0         0         0         0         0         0         0         0         0         0         0         0         0 0.0443165         0         0         0         0         0         0         0         0         0         0         0         0         0         0         0         0         0         0         0         0         0         0         0         0         0         0         0
        0         0         0         0         0         0         0         0         0         0         0         0         0         0         0         0         0         0         0         0         0         0         0  0.072662         0         0         0         0         0         0         0         0         0         0         0         0         0         0         0         0         0         0         0         0         0         0         0         0         0         0
        0         0         0         0         0         0         0         0         0         0         0         0         0         0         0         0         0         0         0         0         0         0         0         0 0.0390447         0         0         0         0         0         0         0         0         0         0         0         0         0         0         0         0         0         0         0         0         0         0         0         0         0
        0         0         0         0         0         0         0         0         0         0         0         0         0         0         0         0         0         0         0         0         0         0         0         0         0 0.0663073         0         0         0         0         0         0         0         0         0         0         0         0         0         0         0         0         0         0         0         0         0         0         0         0
        0         0         0         0         0         0         0         0         0         0         0         0         0         0         0         0         0         0         0         0         0         0         0         0         0         0 0.0616536         0         0         0         0         0         0         0         0         0         0         0         0         0         0         0         0         0         0         0         0         0         0         0
        0         0         0         0         0         0         0         0         0         0         0         0         0         0         0         0         0         0         0         0         0         0         0         0         0         0         0 0.0465709         0         0         0         0         0         0         0         0         0         0         0         0         0         0         0         0         0         0         0         0         0         0
        0         0         0         0         0         0         0         0         0         0         0         0         0         0         0         0         0         0         0         0         0         0         0         0         0         0         0         0 0.0362887         0         0         0         0         0         0         0         0         0         0         0         0         0         0         0         0         0         0         0         0         0
        0         0         0         0         0         0         0         0         0         0         0         0         0         0         0         0         0         0         0         0         0         0         0         0         0         0         0         0         0 0.0825136         0         0         0         0         0         0         0         0         0         0         0         0         0         0         0         0         0         0         0         0
        0         0         0         0         0         0         0         0         0         0         0         0         0         0         0         0         0         0         0         0         0         0         0         0         0         0         0         0         0         0 0.0269041         0         0         0         0         0         0         0         0         0         0         0         0         0         0         0         0         0         0         0
        0         0         0         0         0         0         0         0         0         0         0         0         0         0         0         0         0         0         0         0         0         0         0         0         0         0         0         0         0         0         0 0.0682148         0         0         0         0         0         0         0         0         0         0         0         0         0         0         0         0         0         0
        0         0         0         0         0         0         0         0         0         0         0         0         0         0         0         0         0         0         0         0         0         0         0         0         0         0         0         0         0         0         0         0 0.0332027         0         0         0         0         0         0         0         0         0         0         0         0         0         0         0         0         0
        0         0         0         0         0         0         0         0         0         0         0         0         0         0         0         0         0         0         0         0         0         0         0         0         0         0         0         0         0         0         0         0         0 0.0508319         0         0         0         0         0         0         0         0         0         0         0         0         0         0         0         0
        0         0         0         0         0         0         0         0         0         0         0         0         0         0         0         0         0         0         0         0         0         0         0         0         0         0         0         0         0         0         0         0         0         0 0.0503308         0         0         0         0         0         0         0         0         0         0         0         0         0         0         0
        0         0         0         0         0         0         0         0         0         0         0         0         0         0         0         0         0         0         0         0         0         0         0         0         0         0         0         0         0         0         0         0         0         0         0 0.0420329         0         0         0         0         0         0         0         0         0         0         0         0         0         0
        0         0         0         0         0         0         0         0         0         0         0         0         0         0         0         0         0         0         0         0         0         0         0         0         0         0         0         0         0         0         0         0         0         0         0         0 0.0464158         0         0         0         0         0         0         0         0         0         0         0         0         0
        0         0         0         0         0         0         0         0         0         0         0         0         0         0         0         0         0         0         0         0         0         0         0         0         0         0         0         0         0         0         0         0         0         0         0         0         0 0.0507425         0         0         0         0         0         0         0         0         0         0         0         0
        0         0         0         0         0         0         0         0         0         0         0         0         0         0         0         0         0         0         0         0         0         0         0         0         0         0         0         0         0         0         0         0         0         0         0         0         0         0 0.0465432         0         0         0         0         0         0         0         0         0         0         0
        0         0         0         0         0         0         0         0         0         0         0         0         0         0         0         0         0         0         0         0         0         0         0         0         0         0         0         0         0         0         0         0         0         0         0         0         0         0         0 0.0540594         0         0         0         0         0         0         0         0         0         0
        0         0         0         0         0         0         0         0         0         0         0         0         0         0         0         0         0         0         0         0         0         0         0         0         0         0         0         0         0         0         0         0         0         0         0         0         0         0         0         0 0.0421349         0         0         0         0         0         0         0         0         0
        0         0         0         0         0         0         0         0         0         0         0         0         0         0         0         0         0         0         0         0         0         0         0         0         0         0         0         0         0         0         0         0         0         0         0         0         0         0         0         0         0 0.0580933         0         0         0         0         0         0         0         0
        0         0         0         0         0         0         0         0         0         0         0         0         0         0         0         0         0         0         0         0         0         0         0         0         0         0         0         0         0         0         0         0         0         0         0         0         0         0         0         0         0         0 0.0491288         0         0         0         0         0         0         0
        0         0         0         0         0         0         0         0         0         0         0         0         0         0         0         0         0         0         0         0         0         0         0         0         0         0         0         0         0         0         0         0         0         0         0         0         0         0         0         0         0         0         0 0.0580364         0         0         0         0         0         0
        0         0         0         0         0         0         0         0         0         0         0         0         0         0         0         0         0         0         0         0         0         0         0         0         0         0         0         0         0         0         0         0         0         0         0         0         0         0         0         0         0         0         0         0 0.0399016         0         0         0         0         0
        0         0         0         0         0         0         0         0         0         0         0         0         0         0         0         0         0         0         0         0         0         0         0         0         0         0         0         0         0         0         0         0         0         0         0         0         0         0         0         0         0         0         0         0         0 0.0246362         0         0         0         0
        0         0         0         0         0         0         0         0         0         0         0         0         0         0         0         0         0         0         0         0         0         0         0         0         0         0         0         0         0         0         0         0         0         0         0         0         0         0         0         0         0         0         0         0         0         0  0.038619         0         0         0
        0         0         0         0         0         0         0         0         0         0         0         0         0         0         0         0         0         0         0         0         0         0         0         0         0         0         0         0         0         0         0         0         0         0         0         0         0         0         0         0         0         0         0         0         0         0         0 0.0483107         0         0
        0         0         0         0         0         0         0         0         0         0         0         0         0         0         0         0         0         0         0         0         0         0         0         0         0         0         0         0         0         0         0         0         0         0         0         0         0         0         0         0         0         0         0         0         0         0         0         0 0.0627548         0
        0         0         0         0         0         0         0         0         0         0         0         0         0         0         0         0         0         0         0         0         0         0         0         0         0         0         0         0         0         0         0         0         0         0         0         0         0         0         0         0         0         0         0         0         0         0         0         0         0 0.0432401
R0: 
     0.19504     -0.13722    0.0433826    -0.079361   -0.0370919    0.0100784   -0.0760503   -0.0651581   -0.0294398     0.038938   -0.0634398    0.0275863    -0.032783   0.00774543    0.0387154    0.0389669   -0.0238557     0.158387   0.00310268   -0.0163977    0.0266103     0.101234    -0.061589   -0.0555567     0.012253     0.023473     0.059754  -0.00299855  -0.00185982     0.017847   -0.0345517    0.0807574    0.0504909   0.00328374    0.0863848   -0.0956695    0.0466998   -0.0159484   -0.0385879   -0.0146818    0.0162263   -0.0279286    -0.064621    0.0772525   0.00154888    0.0381147     0.037953   -0.0641844   -0.0341914    0.0381716
    -0.13722     0.522688    -0.174579    0.0213486    0.0322627   -0.0465442    0.0593558    0.0499803     0.152765    -0.089697    0.0498644   0.00275945   -0.0098096    0.0547511    0.0421896   -0.0156416     0.109432    -0.286141    0.0894569    0.0237482    0.0129209     -0.13997     0.124146    0.0415805   -0.0798047    -0.130183    -0.133858   -0.0678997     0.069373   -0.0841625    0.0232175   -0.0826225   -0.0250159    -0.131522    -0.104103      0.11296   -0.0457365    0.0396355   -0.0809568    0.0163982   -0.0544068     0.102168     0.138874    -0.268812    -0.024157   -0.0413538   -0.0924405     0.166192   -0.0358456    -0.110557
   0.0433826    -0.174579     0.581614    -0.116218   -0.0688254    0.0635301   -0.0187659    0.0167751   -0.0659323   -0.0231995     0.092682   -0.0489427    0.0598849    -0.157067    0.0560683   -0.0103347   -0.0525792     0.213064   -0.0721911     -0.13271    0.0145768     0.114926    0.0117276   -0.0503622     0.109739    0.0034202     0.218213    0.0601645   -0.0711363    0.0354263   -0.0430508    -0.157776    0.0138825  0.000753434    0.0739478    -0.130544   -0.0376011    0.0425954   -0.0537512   -0.0201798   -0.0107606   -0.0948607   -0.0266401    0.0663598     0.189126    -0.054397    0.0354461    -0.189309    0.0272568    -0.034852
   -0.079361    0.0213486    -0.116218     0.348475    0.0294426    0.0284491    0.0110775    0.0811001     0.010377   -0.0416711    0.0347633    0.0502455    0.0415479    0.0205376  0.000461816    -0.056738   -0.0329768     -0.10544    0.0193112    0.0323311    -0.113228   0.00124603   -0.0457891   0.00301417   -0.0622201    0.0461681   -0.0574199   -0.0340742   -0.0315356    0.0687386    0.0349536    0.0270084    0.0113808    0.0253419   -0.0549748    0.0912481   -0.0108265   0.00553093  3.59004e-05  -0.00688875    -0.075721   -0.0519386    0.0264492   0.00710479  -0.00890561   0.00657164   -0.0681869    0.0105296   0.00178691    0.0868399
  -0.0370919    0.0322627   -0.0688254    0.0294426     0.176654   0.00277957    0.0428443   -0.0149065    0.0487066   -0.0366877   0.00908788   -0.0401036   0.00316423   -0.0215106   -0.0690667   -0.0239748    0.0273218     -0.11173   0.00607057    0.0174999   -0.0603269    -0.078647   0.00280975    0.0756319    0.0144099    0.0235414   -0.0938288   -0.0543499    0.0107758   -0.0194489    0.0811953   -0.0335457   -0.0480639    0.0148479   0.00226328    0.0446858    0.0217785    0.0680812  -0.00830167    0.0226608    0.0387563    0.0207058    0.0220145   -0.0319781   -0.0695863   -0.0348846   -0.0426978    0.0517779    0.0282872   -0.0213154
   0.0100784   -0.0465442    0.0635301    0.0284491   0.00277957       0.2136   -0.0577695    0.0126925   -0.0482124   -0.0622935   -0.0664725   -0.0190955    0.0241881    -0.042814   -0.0194708     0.018549   -0.0245114    0.0265568   -0.0464669    0.0116622  -0.00983373  -0.00542266     -0.03696    0.0590165    0.0597514    0.0776659    0.0125401  0.000513688   -0.0372966  -0.00675018   -0.0138926   -0.0268286   -0.0181559    0.0177586    0.0726235    0.0249244    0.0252623   -0.0397002    0.0501767    0.0316567   0.00371388   -0.0141817   -0.0114376    -0.015835    0.0532731   -0.0727232   -0.0765571   -0.0209811   -0.0373164    0.0304967
  -0.0760503    0.0593558   -0.0187659    0.0110775    0.0428443   -0.0577695     0.197023    0.0233528    0.0261002   0.00700884     0.071121   -0.0536209    0.0306096  -0.00998217   -0.0501979    -0.030041     0.029451    -0.101698    0.0231095  -0.00360465  -0.00858293   -0.0698717     0.145665    0.0160807    -0.126453   -0.0617869   -0.0517717   -0.0364158    0.0150705   -0.0149024    0.0486104      -0.0196   -0.0140794     0.012121   -0.0651829    0.0374882   -0.0341311     0.106628    0.0158555   0.00899566    0.0129408    0.0194807    0.0208591   -0.0234268   -0.0510102    0.0282453   -0.0075389   0.00949513    0.0404859    -0.023671
  -0.0651581    0.0499803    0.0167751    0.0811001   -0.0149065    0.0126925    0.0233528     0.146701    0.0325203   -0.0251879    0.0266865   0.00580069    0.0796124   -0.0181693    0.0166279   -0.0495569   -0.0150279    -0.126401    0.0481581  -0.00376648   -0.0137992   -0.0505443    0.0214792    0.0283508   -0.0909167 -0.000985198  -0.00512856   -0.0252658   -0.0137571    -0.022869    0.0638062   -0.0479581   -0.0399873    0.0245991   -0.0679518    0.0797224   -0.0394531    0.0211781  0.000567248  -0.00249876   -0.0130397   -0.0112402    0.0275968   -0.0251837    0.0150398  -0.00918405   -0.0859031    0.0185825    0.0189352    0.0271429
  -0.0294398     0.152765   -0.0659323     0.010377    0.0487066   -0.0482124    0.0261002    0.0325203     0.205626   -0.0976077    0.0506321  -0.00703007     0.034178    0.0114419    0.0413845    -0.041417    0.0396947    -0.172152    0.0676703    0.0167777   -0.0448403     -0.10921    0.0664754    0.0638013   -0.0920638   -0.0303974   -0.0736042   -0.0942733    0.0372459   -0.0371276    0.0810139   -0.0901657   -0.0226002   -0.0609557   -0.0446824    0.0801052   0.00815457    0.0293467   -0.0627236  -0.00699761    -0.025036    0.0325053    0.0761887    -0.113036   -0.0755856   -0.0162714   -0.0540305    0.0873409    0.0223664   -0.0658237
    0.038938    -0.089697   -0.0231995   -0.0416711   -0.0366877   -0.0622935   0.00700884   -0.0251879   -0.0976077     0.302389    -0.112312    0.0289279   -0.0143517    0.0396093   -0.0476227    0.0548547   -0.0414185     0.090313   -0.0576767   -0.0288174     0.042209    0.0711647   -0.0268063    -0.113115    0.0622977  -0.00160631    0.0694538    0.0613189   -0.0313304   0.00802095   -0.0599874     0.117625    0.0389309    0.0614972    0.0238472     -0.15962   0.00827558 -0.000354802    0.0232861     0.032984    0.0440899   -0.0234941   -0.0588989    0.0783229    -0.052314    0.0520342    0.0918096    -0.104842   -0.0210899   -0.0101243
  -0.0634398    0.0498644     0.092682    0.0347633   0.00908788   -0.0664725     0.071121    0.0266865    0.0506321    -0.112312     0.350717   -0.0697332    0.0145582   -0.0343799    0.0532345    -0.132234    -0.019993   -0.0147809    0.0468018   -0.0428952   -0.0576132   -0.0258454    0.0865627    0.0236081   -0.0195605     0.011198   -0.0283468   -0.0660333    0.0154451     0.049068     0.047215    -0.153299    0.0016692    0.0135517   -0.0147245   -0.0185769   -0.0510847   -0.0258283   -0.0335311   -0.0571664   -0.0464875   -0.0576712    0.0781646    0.0258048    0.0208362   -0.0358669    0.0120441 -0.000410509    0.0496849   0.00512234
   0.0275863   0.00275945   -0.0489427    0.0502455   -0.0401036   -0.0190955   -0.0536209   0.00580069  -0.00703007    0.0289279   -0.0697332     0.344305    -0.017096     0.020654    0.0118673    0.0486772   0.00309007  -0.00295852   -0.0240335   0.00605347   -0.0372251    0.0340821    -0.195668   -0.0845097    0.0118139   -0.0211559    0.0645983    0.0580402    0.0309499    0.0115964    -0.063084    0.0764079  -0.00535254   -0.0187343   -0.0502636    0.0168121  -0.00274948    -0.023393   -0.0785887   -0.0208023   -0.0505878    0.0312182   -0.0163862   -0.0588484    0.0131629  -0.00711233    0.0365981    0.0152901    0.0324068   -0.0298771
   -0.032783   -0.0098096    0.0598849    0.0415479   0.00316423    0.0241881    0.0306096    0.0796124     0.034178   -0.0143517    0.0145582    -0.017096     0.200466   -0.0416682   -0.0182108   -0.0188071    0.0048902   -0.0565542    0.0301336   -0.0106796    -0.019978   -0.0685755    0.0248035    0.0558606    -0.121945   0.00651015    0.0311841   -0.0213061   -0.0640792   -0.0394178     0.051935   -0.0780166   -0.0134488  -0.00693695  0.000690901    0.0503653   -0.0294355    0.0305556   -0.0150142    0.0183623 -7.49178e-05   -0.0272692     0.032063   -0.0389685   -0.0092694  -0.00705845   -0.0689193  -0.00941636    0.0487817  -0.00894993
  0.00774543    0.0547511    -0.157067    0.0205376   -0.0215106    -0.042814  -0.00998217   -0.0181693    0.0114419    0.0396093   -0.0343799     0.020654   -0.0416682     0.170972    0.0502444   0.00762192  -0.00600709    0.0301356    -0.016666    0.0320354    0.0225306    0.0282954   -0.0028957   -0.0482901  -0.00976681   -0.0292003   -0.0501059   0.00131466  -0.00408937    0.0209969   -0.0357316    0.0804634    0.0281056   0.00108137   -0.0315035    -0.062651    0.0247066   -0.0520221 -0.000671765   0.00698997    0.0247719    0.0165859 -0.000505239   -0.0220604   -0.0571434    0.0324031    0.0452844    0.0244497   -0.0437655    0.0120109
   0.0387154    0.0421896    0.0560683  0.000461816   -0.0690667   -0.0194708   -0.0501979    0.0166279    0.0413845   -0.0476227    0.0532345    0.0118673   -0.0182108    0.0502444     0.246488   -0.0962384   -0.0453008    0.0798957  -0.00794665   -0.0226042    0.0136369    0.0648416    0.0430382   -0.0686575   -0.0692226   -0.0161815    0.0232395   -0.0327445    0.0125071    0.0373816   -0.0378857   -0.0251438    0.0242485   -0.0147889   -0.0191833   -0.0490058  -0.00308022   -0.0666336   -0.0805992   -0.0469453   -0.0169991   -0.0336705   -0.0025119     0.018779    0.0295998    0.0253145    0.0146277    0.0152718   -0.0535507    0.0057731
   0.0389669   -0.0156416   -0.0103347    -0.056738   -0.0239748     0.018549    -0.030041   -0.0495569    -0.041417    0.0548547    -0.132234    0.0486772   -0.0188071   0.00762192   -0.0962384     0.229296    0.0177078  -0.00671716   -0.0209274    0.0324883    0.0719759  -0.00818999    -0.108572    0.0384591    0.0413389   -0.0468365    0.0489675    0.0881354   -0.0329002   -0.0491232   -0.0193007    0.0729083   0.00924917    -0.036815    0.0367694   -0.0307992    0.0046642    0.0602217    0.0262518    0.0650849  -0.00611181    0.0640314   -0.0259816   -0.0603966    -0.013022   -0.0132984  -0.00542392   -0.0275941   -0.0341805   -0.0232865
  -0.0238557     0.109432   -0.0525792   -0.0329768    0.0273218   -0.0245114     0.029451   -0.0150279    0.0396947   -0.0414185    -0.019993   0.00309007    0.0048902  -0.00600709   -0.0453008    0.0177078     0.151168   -0.0781251    0.0270977    0.0406181   0.00785241   -0.0369871    0.0304408    0.0579104   -0.0138943   -0.0610169   -0.0536906   -0.0287963    0.0753366   -0.0382021    0.0101879  -0.00481685     -0.01208   -0.0547794   -0.0546634    0.0288592  0.000100547    0.0402801   -0.0207998   0.00229359   -0.0316838     0.047125    0.0277797    -0.104109   -0.0133305   -0.0458292   -0.0219246    0.0627664    0.0394603   -0.0532702
    0.158387    -0.286141     0.213064     -0.10544     -0.11173    0.0265568    -0.101698    -0.126401    -0.172152     0.090313   -0.0147809  -0.00295852   -0.0565542    0.0301356    0.0798957  -0.00671716   -0.0781251     0.519411     -0.13604   -0.0728314    0.0159479     0.251968   -0.0539272     -0.19643     0.146517    0.0738626     0.171808     0.100361   -0.0588542     0.125704     -0.18243     0.089776    0.0962258    0.0590051     0.114873     -0.24236    0.0536815    -0.160725   0.00441753    -0.037132    0.0336547    -0.133815    -0.117216     0.222549     0.129048    0.0458871     0.204198    -0.188281   -0.0240022    0.0421423
  0.00310268    0.0894569   -0.0721911    0.0193112   0.00607057   -0.0464669    0.0231095    0.0481581    0.0676703   -0.0576767    0.0468018   -0.0240335    0.0301336    -0.016666  -0.00794665   -0.0209274    0.0270977     -0.13604     0.228548    0.0369122    0.0430885    -0.100591    0.0264383    0.0527098    -0.134449   -0.0266273   -0.0602483   -0.0720962    0.0513402    -0.055652     0.098729    -0.022929    0.0109409   -0.0561388   -0.0193408     0.101736   -0.0279677    0.0663721   -0.0689982   -0.0602888   -0.0196025     0.027706    0.0499536     -0.04735   -0.0448803    0.0247641    -0.107706    0.0954333 -0.000531682    0.0202033
